Maximum number of CPUs:  24
ckks parameter init end
generated bootstrapper end
2.026096188s
generate Evaluator end
key list:
[1113 475 487 609 1171 1363 79 421 823 1367 1883 327 1081 1141 1935 1959 409 459 821 1319 1365 69 495 585 1013 1077 1639 1729 87 205 2047 391 1651 135 503 1235 1431 1613 91 265 279 979 1295 1473 825 1557 1895 393 705 57 289 481 1053 1159 1479 1485 1923 1967 739 999 375 1195 1261 689 751 1237 1481 1947 379 819 157 273 477 593 1213 703 743 2003 349 725 1425 1735 433 847 1985 133 1189 181 715 1065 1335 7 201 531 887 1299 1497 1833 1857 291 557 787 871 187 415 1211 1349 1443 1869 345 589 1029 1181 1267 439 829 1095 1783 2019 831 1433 1719 1711 443 603 1015 1441 1913 109 147 211 323 653 1403 1407 499 1297 1817 229 357 547 1457 161 679 781 1495 1511 5 853 1931 1977 1049 209 447 709 1421 163 607 1185 695 1753 2011 23 241 561 1475 1761 883 1393 1539 1929 75 175 191 1347 277 521 691 1819 309 1629 111 423 835 1117 1187 1277 1343 1707 1337 1549 1567 1669 59 355 381 441 877 15 637 839 925 1779 1841 985 1595 1773 1807 1823 981 1541 231 295 465 1265 39 337 1125 1469 1793 1879 1281 2025 865 1247 527 555 1771 2013 11 245 733 1017 1381 509 571 953 1391 1671 1703 1965 365 669 1051 1155 1401 457 885 1747 905 1467 1513 1917 469 1813 1899 207 253 387 879 1173 1229 1383 1449 199 567 749 1031 1037 1329 121 1655 1803 339 903 987 995 1083 1121 2045 625 771 1307 1327 1545 1909 621 1165 1751 1921 983 1271 343 491 869 1143 873 263 293 221 467 861 1569 1837 963 1021 1777 511 577 701 1429 223 1989 189 661 1085 1455 1755 1953 493 605 649 947 325 1233 1317 351 539 1799 1955 673 1091 587 809 917 1723 1737 1885 693 1179 1739 179 543 755 1361 1415 61 1023 1893 1925 941 759 1035 1163 1339 1689 2031 103 403 45 549 1491 2017 667 1341 1867 37 545 623 1241 1279 1535 1027 41 165 1055 1461 1649 301 723 935 1199 1453 51 971 1385 1503 1599 1887 145 541 833 1123 1303 1559 1699 9 347 359 735 1487 1643 1693 977 1033 2035 485 1531 1565 1741 1861 29 395 933 959 1691 1831 1375 1525 1891 311 717 1477 389 655 813 1145 1151 1215 1087 1193 1515 287 895 1153 1665 1933 1999 1575 1927 183 497 551 1257 1379 1797 55 235 1259 1581 331 785 1107 1687 13 1131 1423 19 117 217 321 371 573 845 17 1313 1 101 793 811 901 1561 127 195 361 1069 1139 1147 1901 233 243 489 741 1769 1881 2005 213 285 729 765 969 1001 119 651 1529 1609 1979 1981 255 617 1201 1713 1843 1851 657 1645 1167 1597 929 1373 1593 965 1019 1075 399 1459 1627 1987 261 479 553 643 1733 1865 1915 681 891 923 801 1007 537 1243 25 203 581 789 907 1607 43 99 177 385 795 1223 1413 1603 2043 1111 1253 1759 123 305 1005 1039 1245 501 1633 1701 1963 761 949 1523 3 317 1127 1293 1355 413 745 1615 1149 1547 1551 1919 21 143 505 919 1653 219 449 523 677 951 1203 1239 1621 1695 1765 1821 1939 721 1493 1533 1617 2021 259 1537 1829 1133 105 455 1207 1471 67 283 373 529 1003 1197 1345 425 1731 1787 153 171 975 1217 1251 1697 71 237 855 945 1499 93 471 641 663 777 1305 559 843 1675 1905 453 727 897 1059 1417 1351 149 525 579 671 815 893 1587 2041 83 639 645 757 841 115 1409 1591 1105 1555 297 515 1727 1949 329 773 1011 1285 1333 1353 1997 139 215 267 1289 859 867 1043 1795 1863 303 417 961 1071 1291 1679 1871 1941 239 753 863 899 991 1315 1993 2007 271 737 1089 775 857 1097 1137 1231 1435 1749 2001 1501 1579 1657 89 1677 1847 1897 1937 141 275 767 1157 1161 1321 251 341 931 937 1577 397 1221 1309 1667 1805 2009 81 363 1191 27 63 405 1099 1311 921 1483 1641 1757 35 711 1025 1047 565 601 1109 1283 427 797 1093 1275 1995 2029 533 719 1507 1509 53 683 1439 1563 1573 1601 1661 1873 851 1991 659 1631 1637 1659 1791 889 1825 1911 2027 611 763 799 1101 73 335 461 507 731 1715 2039 803 1301 1371 1673 131 1505 429 97 779 1445 1801 1331 1589 85 333 563 1219 95 613 1451 1853 377 431 955 1287 1781 2015 2023 647 1009 1405 1553 1683 535 629 973 993 699 113 1395 1785 129 631 633 1463 927 1681 1815 575 627 1717 185 805 1119 1177 1359 1875 1971 591 697 997 1209 1745 1907 151 1663 595 957 1057 1325 1521 939 1619 827 849 1115 1377 1571 445 1611 1411 137 167 315 687 1041 1889 411 463 713 1849 313 483 1519 1789 419 569 635 911 1073 1809 1957 65 1839 281 519 967 1175 1269 1605 1811 1903 383 1635 1855 269 1255 707 1369 1517 1583 1647 1063 1129 1399 1705 685 1489 1945 1969 807 1387 47 249 599 1397 33 1357 1543 1623 1975 257 665 1709 401 597 1135 1835 1943 307 1775 31 155 915 1067 1227 1685 675 747 319 583 227 437 513 1103 369 1725 1951 1983 1061 1743 2037 817 619 875 1249 407 473 783 913 1427 1527 299 353 367 1079 1323 1625 1763 193 909 1877 197 615 881 1225 1767 1845 107 159 1169 1961 49 247 435 451 769 1183 1585 125 173 791 943 1389 1437 1859 2033 1273 1465 1827 77 517 1045 1447 169 225 1205 1721 1973 837 989 1263 1419]
1024
[-2.6346924641984515e-11 8.952838470577262e-12 4.817479748453479e-11 7.432277016050648e-12 -1.0174971976084635e-11 4.561684363579843e-12 7.773337529215496e-12 -1.814726147131296e-11 -1.5191403690550942e-11 3.240074875066057e-12]
[0.0010000000007579501 0.0009999999853960162 0.0009999999922882807 0.0009999999975036644 0.0009999999979726226 0.0010000000109613438 0.0009999999889629407 0.0010000000021079813 0.0009999999878402832 0.001000000015835667]
[0.00200000000350542 0.002000000009289238 0.0020000000029369858 0.001999999992847279 0.0020000000013027375 0.0019999999936430868 0.002000000013580916 0.002000000004571234 0.0020000000085502734 0.0019999999864381834]
[0.002999999995978442 0.0030000000271854788 0.0030000000113830083 0.002999999991359914 0.0030000000052865516 0.002999999984041324 0.0029999999752874373 0.0029999999994316795 0.0030000000029417606 0.003000000024499627]
check all
PASS
ok  	github.com/lifejade/mm/src/transpose	18.054s
